# timestamp x y z qx qy qz qw
0.008645 -0.0028327728809263604 -0.028214265219702356 -0.9995978844695087 -0.0014899658530746517 0.0006237424886689158 -0.0014035540763388079 0.9999977104888887
3.282902 -0.010177658632931654 -0.013532003963207095 -1.999463117317259 -0.0014579811066627185 0.00039374542215817645 0.000255418463858728 0.9999988270078337
3.423027 0.04919937854688497 0.003195651017731234 -2.997558580193724 0.00023937155598136449 -0.0005597075136146913 0.0014275769683794192 0.9999987957256532
3.544092 0.04564519317648434 -0.01593971781175001 -3.997369164967716 0.0008969977700191476 0.00014914349103594361 0.0007172454227230639 0.9999993293548867
3.671600 0.02223186329988907 0.004886030249923769 -4.9968780964944735 0.0004803142271270582 0.0010501563920987367 0.0021651054410055724 0.9999969893895805
3.790111 0.06350519122069777 -0.03724313029086927 -5.995137404607585 -0.000885450408141457 0.001478151493481115 0.00121428405291659 0.9999977782775199
3.909766 0.08546995930968362 -0.07019795932208034 -6.994352860956375 -0.001729576397402218 0.0025660685817426193 -0.004514224484228889 0.999985022705253
4.046970 0.022555708981715605 -0.06981029353076491 -7.992371721910867 -0.002484202652493635 0.00447160487650279 -0.007770265651553549 0.9999567272930935
4.185914 0.05291745975076378 -0.09657752181532032 -8.991552225914123 -0.0021796383824706305 0.005158361327742448 -0.013948280547072662 0.999887036596992
4.305759 0.03542266062749574 -0.06209868205295596 -9.990804517186092 -0.0011020094177209964 0.00617800847627384 -0.013009841918904357 0.9998956754580727
4.489206 0.04413006548775355 -0.08139005651408812 -10.990580504081157 -0.001100709115057151 0.00680628726679071 -0.01682244100431164 0.9998347205272191
4.606362 0.0323980711650089 -0.05986429861885424 -11.990279959945891 -0.0008252125594418048 0.007168785171881798 -0.021216659972999905 0.999748858905566
4.733744 0.033324423132599215 -0.05771025415877405 -12.99027721092436 -0.0006326624167944709 0.007371856737422044 -0.02377113512972278 0.999690046264918
4.849937 -0.03447723020462057 -0.013955949372385722 -13.987016141947624 -0.00020942870497776296 0.008556141851679222 -0.023457140768312647 0.9996882069541517
4.995531 -0.04445733826818192 -0.07224191490850754 -14.985266182601046 -0.0015968199160518797 0.009078191256367094 -0.029047913273725023 0.9995355198011278
5.124359 -0.023533244853340077 -0.08115742513043807 -15.985007497138087 -0.0024241643394464826 0.008208278510268981 -0.031572386041503656 0.9994648228080864
5.261543 -0.008912828693541567 -0.08780258668492189 -16.984878531451628 -0.0021559309135207086 0.007625569793052417 -0.03361330856809763 0.9994034961587502
5.389783 -0.01428833807887641 -0.16581195939675009 -17.981816664771824 -0.0026822040975060663 0.0081064127821808 -0.03747216039941064 0.9992611916050703
5.526118 0.010621650204160765 -0.15646869696695848 -18.98146270009178 -0.0028246398381663565 0.00792349906850867 -0.03556128155170495 0.9993320943643791
5.648340 0.9871840779105134 -0.35523557103193903 -18.89889421599094 -0.01578417081449785 -0.10832014666767706 -0.037334313126388 0.9932893610831501
5.787568 1.2406264992734455 -0.37642792324914964 -19.866012524814217 -0.017529862967531798 -0.10844067933336174 -0.037493803846091404 0.9932409262828478
5.910482 1.497814198050581 -0.4081931389383293 -20.83185177576126 -0.0169261955527233 -0.10916290619412498 -0.036382986543906655 0.9932135933954537
6.024150 1.7446345889245183 -0.4392037516886973 -21.800416712430806 -0.013573112913624518 -0.10994280620586044 -0.032951241048720464 0.993298830001709
6.147508 1.9688221482943313 -0.4457903104917875 -22.77494047071838 -0.009802013318706514 -0.10960645103487351 -0.030880018021393993 0.9934469139885826
6.266437 2.181150043822308 -0.44693951631286305 -23.752138272653404 -0.007997878828160358 -0.10971371427982078 -0.029353150755060786 0.9934975225806688
6.394495 2.3895455120509093 -0.4872375795885124 -24.72935237146595 -0.010308990144020263 -0.10962292411573044 -0.030071309177669224 0.9934647732027886
6.514376 2.58942120206944 -0.5076237625149727 -25.70896153439028 -0.013783293061282436 -0.10936342505267797 -0.028789255185265 0.9934892253462095
6.653494 2.8346804736666984 -0.5135590230013976 -26.678400889057986 -0.01589042125084882 -0.11000374064415146 -0.027808719774004825 0.9934149921665645
6.770559 3.02643286889368 -0.5373361385469895 -27.65955616102112 -0.015616388366414583 -0.10959494017609109 -0.028993412818798036 0.9934306515883767
6.897897 3.264122411828129 -0.5617077727188524 -28.63059153866058 -0.013436258784418354 -0.10960182203560481 -0.03155699252363807 0.9933836438049585
7.034516 3.506103542665776 -0.5717641652347788 -29.600820378310328 -0.0111579765277591 -0.10987081479741487 -0.030552623464846915 0.9934135296113966
7.160261 3.7421462353982746 -0.6085649845124746 -30.571865972970066 -0.011436642395487358 -0.10984319747508338 -0.03226767982146186 0.9933591858024503
7.290824 3.7989880245880476 -0.6409966908796226 -31.569722272957105 -0.013209927502304174 -0.10796339478588027 -0.031728550637619576 0.9935606183198525
7.417759 4.061442782366478 -0.7189898081620792 -32.531509449923 -0.015678513106269 -0.1077237008563472 -0.03625364402640771 0.9933959239877094
7.545023 4.330841790091461 -0.7442826300917126 -33.49420589626298 -0.01489959463504593 -0.10835743970289523 -0.03432967144954726 0.9934073389093271
9.093991 4.513181450646793 -0.8199765591033156 -34.474523537285194 -0.013555550259390422 -0.10714454797430444 -0.03975677448285598 0.9933557730135091
9.246776 4.7232286645223915 -0.8039515104098345 -35.452083441207954 -0.012205836113966615 -0.1077676204535277 -0.035447022869900514 0.9934690061175557
9.369156 5.003545889642721 -0.8708837169068933 -36.4096545002079 -0.013759567919815974 -0.10754698108849693 -0.03985409711942332 0.9933055784058629
9.497049 5.235272003596343 -0.7859675570674627 -37.378722224317045 -0.014827919716524498 -0.10741213746050196 -0.026882867600069336 0.9937404474774303
9.614896 5.441180314160508 -0.8185859741748307 -38.35674973236885 -0.01601436490524602 -0.10730154315615559 -0.025915624466759674 0.9937596788768837
9.746428 5.695572176706404 -0.8529927250991105 -39.32323871614531 -0.015275895134590744 -0.10730634693236785 -0.02645809293284548 0.9937564914274643
9.869681 5.889914877777137 -0.8847158603943055 -40.303659318350086 -0.013852279107490985 -0.10734992922290863 -0.025954621790130167 0.9937859249693042
9.989233 6.12772457037842 -0.930982127927828 -41.273868565158935 -0.012707823609445994 -0.10712653236899285 -0.029634472291762488 0.993722403558305
10.110270 6.38289661905935 -0.9478025332520877 -42.24061791195815 -0.012483589734194254 -0.10744538515566053 -0.030413021966449554 0.9936672970823625
10.232290 6.653715273164826 -0.9540568513360873 -43.203227978440836 -0.013059239340264142 -0.10794653830695206 -0.027674294779817157 0.9936856316480775
10.363754 6.86519558124077 -1.0068497641097078 -44.17918340142745 -0.013790426738888766 -0.108012920482133 -0.029503461189773223 0.9936159111634147
10.486285 7.135299012400956 -0.9999974341136008 -45.14199033017751 -0.014019320053976249 -0.10823993569037697 -0.030673445210101756 0.9935525727136484
10.593016 7.437330419497753 -1.0236666705241109 -46.09499442060675 -0.01349272065000667 -0.10904728905562987 -0.02820784867105996 0.9935446404225775
10.711546 7.6534207152034766 -1.0566363749141539 -47.07081099286521 -0.01328718016913225 -0.10945402617879382 -0.027465391197337725 0.9935234870312738
10.817901 7.953169882988145 -1.0757923070657927 -48.024636703713796 -0.01124392841610563 -0.1100525946877489 -0.031657629467329716 0.9933578383305667
10.951813 7.1085062001728705 -0.8143581712916659 -48.49175066795055 -0.002377156863906297 -0.0667322601863866 -0.02971786769968818 0.9973254247812217
11.066904 7.172208279838133 -0.8138034833284616 -49.48971947375942 -0.0043884046462493356 -0.06662030012175109 -0.025522816074522916 0.997442260672754
11.200197 7.375759270495159 -0.8587236325586046 -50.467752793435025 -0.009023136981453093 -0.06755080244214004 -0.022860995774107006 0.9974130773960469
11.320287 7.602141764198887 -0.8741612952491764 -51.44166893208102 -0.011075735759377158 -0.06891677387609235 -0.02036167159700164 0.9973531013064907
11.462901 7.730946806532843 -0.8957242515615719 -52.43310440652422 -0.009718058000578698 -0.06939018983596473 -0.01929670393121417 0.9973556026416137
11.577820 7.887771143034991 -0.8859223995651342 -53.42068227746813 -0.006460942885321137 -0.06965138905235997 -0.020672361892691834 0.9973362490523877
11.703840 8.022638753916851 -0.9012563900910769 -54.411427247815986 -0.0057344167543230155 -0.06929519505167177 -0.01967257710953385 0.9973857238386297
11.827525 8.203711093547277 -0.8791876865967246 -55.3946493896267 -0.005734416754576075 -0.06929519505195589 -0.01967257705564206 0.9973857238396714
11.956518 8.41101520377293 -0.8730930209679183 -56.37290695332576 -0.005779268812770619 -0.0696090809895752 -0.018369165238620883 0.9973884647739877
12.083300 8.632940189434501 -0.8851548554707362 -57.34789608807934 -0.005266341197177891 -0.0695807008724863 -0.017895519001418347 0.9974018959858446
12.208961 8.80713909549362 -0.8804528102344291 -58.33259534770047 -0.004204761974030052 -0.06902648636621198 -0.017969131088105737 0.9974441209835339
12.332441 8.940501849656872 -0.8997096414626753 -59.323475537356636 -0.004842635855701862 -0.06736753378474919 -0.01644583340460202 0.9975809234510036
12.455864 9.142669836500401 -0.9349488950135879 -60.3021921971233 -0.006463961634685937 -0.06593595990541175 -0.02207596097461733 0.9975586791454344
12.578562 9.277550386893678 -0.9507148180585135 -61.29292862665244 -0.006798129875111867 -0.06392509334834562 -0.022533016324168237 0.9976771176317218
12.692673 10.243054484370248 -1.0984551729134537 -61.07851168398399 -0.013905645151341439 -0.14288012421520976 -0.024667253677580752 0.9893348420697495
12.824592 10.568446352998194 -1.179768457524087 -62.02058826344908 -0.013723761304629522 -0.14081947443870668 -0.0316975840069969 0.9894325632212528
12.959025 10.756932379245045 -1.1957637435118968 -63.00253386720513 -0.013654819025454653 -0.13721670879139072 -0.030870078099329137 0.9899657362878683
13.064348 10.933513012643546 -1.2779639034385988 -63.98338167069791 -0.012755755035972408 -0.13471754091148985 -0.033755964010208306 0.9902267466484452
13.214520 11.260940450327807 -1.3213669790451177 -64.92726060683295 -0.010719899431652993 -0.133413114926748 -0.03592542598694434 0.9903511439329857
13.469120 11.558762907122452 -1.305853721460283 -65.88175582581935 -0.009396887103156948 -0.13203032903627895 -0.034626176991095686 0.9905961430342453
13.713026 11.860499819606067 -1.289096029904128 -66.83499976910909 -0.009972941664954993 -0.13025811551521616 -0.029842090814197846 0.9909807331087765
13.865404 12.18817507552274 -1.2994594158732597 -67.77973334366395 -0.012117919022127112 -0.1288905503511184 -0.028074312408809563 0.9911872754689351
15.248188 12.466467782034524 -1.3322578223461916 -68.73966950510136 -0.013903374056397383 -0.12700272761346793 -0.025747603285838142 0.9914706573033927
15.411433 12.77101619659501 -1.345188548221598 -69.69207858712285 -0.014220818341269056 -0.12505491662089077 -0.026007038460019588 0.9917069476943201
15.536466 13.067992671508481 -1.3312673441954683 -70.64686189941231 -0.012636338746614373 -0.12243592939770005 -0.02944557750832452 0.9919590334791063
15.654498 13.264700899621612 -1.3889278454843617 -71.625627008917 -0.011906153944023883 -0.11839559363322134 -0.03235720841511561 0.9923677433139786
15.776267 12.49759182132024 -1.3630447912992065 -72.26662133767012 -0.013469907361377022 -0.08354247737574524 -0.03113547509965416 0.9959266028477788
15.902652 12.66524741827022 -1.4052698317256707 -73.25156227334713 -0.013434591441454818 -0.07945466204925317 -0.029437861948212993 0.9963131439037415
16.040535 12.841356997719107 -1.441743310244711 -74.23525689130082 -0.01361760744792996 -0.07544005522744608 -0.02900011476299245 0.996635516213629
16.164455 12.980072512048109 -1.5249012819000565 -75.22209160787428 -0.014676199207959538 -0.07148818870576146 -0.025791357007391817 0.9969999267583195
16.293572 13.148422657087641 -1.5832709418520745 -76.20608917467119 -0.01571331472781369 -0.06877737164779103 -0.024589060155839396 0.9972051659564035
16.421112 13.299064744424568 -1.6221564790849359 -77.19391247694588 -0.01669997342987356 -0.0665135765172651 -0.02225684565343174 0.9973974573097137
16.538973 13.456027290953614 -1.6387507685682112 -78.18137760977015 -0.016851207429022415 -0.06483188284705056 -0.021130065504659824 0.9975301419538453
16.664806 13.221733811204903 -1.646414842123868 -79.15351331394102 -0.01675090019569172 -0.056219955349780505 -0.02116560230951074 0.9980534761434268
16.787672 13.235526484454493 -1.7050215504912012 -80.15169917634289 -0.017609944485055547 -0.05296556494708588 -0.021714537804868417 0.9982048976202179
16.914294 13.402356715476794 -1.7287699663025407 -81.1373987688981 -0.01763046814288096 -0.05213126430083863 -0.023816914940729506 0.9982005071317909
17.041943 13.44256395054325 -1.7969729542947692 -82.13425970738312 -0.018272430172190924 -0.05002892533480622 -0.02739372714398705 0.9982047929351006
17.161499 13.553722414616704 -1.8306249755653392 -83.12749247835337 -0.017638165908079904 -0.04939024897454437 -0.026812600219795094 0.9982637842169195
17.274631 13.727037517201312 -1.8781118602982925 -84.11121340981435 -0.017165599560917184 -0.049129243058536096 -0.028526174624520458 0.9982374051444377
17.399667 13.865013905063806 -1.9245502660436538 -85.10055965398989 -0.017353985716621712 -0.04859495462618439 -0.03298271093495203 0.9981229935954823
17.540561 14.025028949879125 -1.9757731371001206 -86.0863443175516 -0.017701466387196527 -0.0485452756814305 -0.03505613540146818 0.9980486369248095
17.684297 14.1177486892083 -2.024624800131747 -87.08083743716469 -0.018369542569249865 -0.04806669157659288 -0.034859463848412986 0.998066616437439
17.831285 14.247389563458396 -2.0960123285534644 -88.06982533623601 -0.018618019899798142 -0.048174626368068796 -0.035259559350006436 0.998042753685307
17.951105 14.33982164084233 -2.1354458563298553 -89.06476317748921 -0.019145786165509247 -0.04772311971364593 -0.03551434044537569 0.9980454269919936
18.070750 14.46366855871186 -2.146797872513143 -90.0569995770749 -0.01947766840829323 -0.04832652272926774 -0.03212879872812975 0.9981246955799465
18.189869 14.590231940446191 -2.1642398433919374 -91.04880474345379 -0.019947793941918136 -0.04876927064345322 -0.03101622441208317 0.9981290685983326
19.990502 14.751575527154877 -2.199407783929967 -92.03507623903008 -0.01970345732486054 -0.0491686367213118 -0.03179528907438544 0.9980898148589087
20.157201 14.819805460786254 -2.2647983044288917 -93.03060060135655 -0.019423562937721937 -0.04836886213747504 -0.029744218483875245 0.9981976056097877
20.286029 14.860169693643384 -2.3232115088987366 -94.02807672951673 -0.019742610095140008 -0.04784939153415779 -0.026702467170708698 0.9983023807060859
20.407389 15.032736778954177 -2.445926008879964 -95.00540050010747 -0.020863811709901356 -0.04899618204357871 -0.02541067531625474 0.9982576686838212
20.522768 15.166900579802077 -2.46986628454219 -95.99607044400567 -0.02074534505636584 -0.04998572412271729 -0.024843207787630082 0.9982253618643638
20.639353 15.256936225202466 -2.5072274782774344 -96.99130796528388 -0.02053732913283275 -0.050020641410539184 -0.02323446580669901 0.9982666543282135
20.758893 15.388200271016416 -2.528147585226452 -97.98243464709695 -0.020220243758281103 -0.05050062136508614 -0.022793564263937548 0.998259125884778
20.894440 15.52038707020354 -2.5718378814950036 -98.9726961318234 -0.020153627236633085 -0.05065943559939392 -0.02314720635807591 0.998244288604635
21.017781 15.653548621665198 -2.616987085637556 -99.96276155924606 -0.020239653139385767 -0.050913443836120995 -0.025689926248960864 0.9981674235151465
21.147627 15.797538830243402 -2.639499348454484 -100.95208456911517 -0.020465720137443418 -0.05180780146505954 -0.026752697231974477 0.9980888733962655
21.276659 15.860389894552288 -2.6721933785958667 -101.9495718342511 -0.020445947807633154 -0.05181112157721556 -0.026422223946973074 0.9980979095163229
21.391558 16.06190678523454 -2.7279650735896426 -102.92746776982261 -0.020332369530030474 -0.05252273605297775 -0.030562084812975256 0.9979448461306304
21.512484 16.128653634483154 -2.7566573819717153 -103.92482508270255 -0.02040072399253534 -0.052187263272352694 -0.032230191697226046 0.9979085703389274
21.639261 16.196678519244628 -2.800288592671287 -104.92155419961752 -0.02092993694803222 -0.051299590431090995 -0.032977899373752194 0.9979192091115632
21.767810 16.340162870762423 -2.8727005802603003 -105.90855407039913 -0.022066527172098397 -0.050660493839291436 -0.036282478755436005 0.9978126900765909
21.878691 16.5285162983826 -2.9601981070277046 -106.88674994501389 -0.022382368795025608 -0.05124286470633618 -0.03516175280146543 0.9978160399210566
21.990517 16.702255167351833 -3.0249183785640104 -107.86941270092842 -0.022205612195523448 -0.051686221763112855 -0.03429501112057782 0.9978272884017129
22.117155 16.813399136391666 -3.0678220533001777 -108.86229048436412 -0.02121229074691318 -0.05114263394619751 -0.03384039112905177 0.9978924278911759
22.237947 16.934719384754143 -3.112432779896166 -109.85390093227693 -0.02075703951010828 -0.05092080353795268 -0.03350380286063238 0.9979247027064218
22.363528 16.98807915784569 -3.2063000438996325 -110.84805467861807 -0.02188877621750469 -0.049562952844442384 -0.033236105382820375 0.9979778336616605
22.486070 17.12871482633743 -3.273490376298772 -111.83583353442536 -0.02303254734357404 -0.048730744091611225 -0.03699184895557072 0.9978609218994355
22.612847 17.276981086415635 -3.3352169134130123 -112.82285275953615 -0.023758772954224832 -0.04877181871107963 -0.03706251712491025 0.9978392657295504
22.722305 17.35899779677936 -3.387351561381799 -113.81811917497589 -0.02448098633589642 -0.0484103741373761 -0.03520491111875151 0.9979066746029015
22.832154 17.425441718656682 -3.4061441844267533 -114.8157323477862 -0.024081130712054248 -0.04795044041922297 -0.03322342749993123 0.998006542199192
26.765470 17.584411387282007 -3.4625786470677613 -115.80140155998853 -0.0237829013202196 -0.048696472990671376 -0.03288228064040289 0.9979888690476195
26.966987 17.67897017380848 -3.499342212090489 -116.79624178644576 -0.02395823185190384 -0.04907466801254035 -0.03348051833842179 0.9979462585619424
27.104680 17.762978533630594 -3.4935224876287116 -117.79268984143266 -0.023834698612028908 -0.04947107364153484 -0.03439114982575606 0.997898676634301
27.242516 17.832416074902472 -3.552494851655418 -118.7885315397679 -0.02434850324367119 -0.048579712891041356 -0.04102022140102517 0.9976795594385139
27.367619 17.930648592733334 -3.6479387355560995 -119.77910755273538 -0.024667127974055073 -0.04837758675585114 -0.04553144343842289 0.997485854313536
27.489982 17.994926531391496 -3.6956862007427023 -120.77589666090728 -0.024460077521578374 -0.0479429588240763 -0.04878156542991846 0.9973582787449238
27.599798 18.11225736452247 -3.788602250821368 -121.76463327054331 -0.026110271204964626 -0.04699844115565889 -0.05558010867325317 0.9970056428057014
27.718483 18.18355498101303 -3.7930893555820937 -122.76207826440194 -0.027333512853455814 -0.04677697536028147 -0.05490055150639848 0.9970209241011575
27.837152 18.39127070153767 -3.898665705921957 -123.73455336109893 -0.028466181315868914 -0.04738053273187106 -0.058146232508152276 0.9967766937907625
27.949879 19.382891867341627 -3.7926111001563445 -123.66079779096687 -0.009921466178655285 -0.10937395704720407 -0.05939257970170067 0.9921750972006295
28.070931 19.677943140052196 -3.837199302817569 -124.61523827557306 -0.007331337335626508 -0.10977629892103402 -0.05831057953685784 0.9922173612682587
28.180264 19.902846812553985 -3.861705784194344 -125.58931105030076 -0.005019007653674077 -0.10916260074684014 -0.05860273157901886 0.9922822461436237
28.291489 20.111881198600283 -3.8620211731081175 -126.56721929036222 -0.0037333894691801177 -0.10780984559868324 -0.05684134881661149 0.9925382411069948
28.406537 20.275607304676715 -3.893625762299407 -127.5532187387044 -0.004849385628923013 -0.10575762399399695 -0.05855730528674447 0.9926544466347395
28.527344 20.528206582032517 -3.8919390266496863 -128.5207882504203 -0.006004078295010721 -0.10499833441314475 -0.05561787955388036 0.9928977552035366
28.651380 20.733376928936654 -3.929870558215675 -129.4987792154421 -0.007621060151631976 -0.10335728001589797 -0.0554747001167067 0.9930668405282905
28.767302 20.912720128311044 -3.997086923154241 -130.48026685016941 -0.008458012271452152 -0.1012912761305756 -0.056114950174768495 0.993236956508938
28.875435 21.094928329631223 -3.9908010706217794 -131.46350672905433 -0.007553844016941235 -0.09995076855007218 -0.05419386621886056 0.9934866924982282
28.988355 21.333849020695546 -3.989627071272393 -132.43454510373726 -0.0071723688865592775 -0.09928114952211856 -0.05136755582048912 0.9937067900961278
29.109853 21.569908204901097 -4.021377945410256 -133.40576492619957 -0.00812197416555541 -0.09882916560362537 -0.05055587063378707 0.9937861608546399
29.237463 21.80542772167657 -4.0954019610496095 -134.3748113659157 -0.010000538228576194 -0.09858438131581426 -0.05197319755271384 0.9937202301110019
29.340797 22.02425998042182 -4.191575303171592 -135.34582276172807 -0.011743280470059594 -0.09786294280863564 -0.05571037728672167 0.9935699742097711
29.460140 22.348044985184504 -4.216425243828468 -136.29162704969687 -0.011357954765937957 -0.0991673905707081 -0.054825373932670576 0.9934943401369095
29.577182 22.565523178211617 -4.279430419885406 -137.26565660948842 -0.011921945695678686 -0.09810400225023592 -0.057643599689299496 0.9934337861016072
29.695209 22.834297888822743 -4.3175389463873435 -138.22810551470042 -0.012027682823509194 -0.0981952176188714 -0.05807240205802343 0.9933985253672817
29.814285 23.06627835142013 -4.37750190706852 -139.19897600468323 -0.012847260705806697 -0.09765222773195392 -0.060197783783257464 0.9933152657333555
29.934758 23.245134780521866 -4.407240598305201 -140.182401643973 -0.01444179885066258 -0.0967666173468099 -0.061826020758813945 0.9932800206237627
30.042515 23.453643934435338 -4.428851899644201 -141.16018325782588 -0.014651434474553705 -0.09664296757828447 -0.06314045145040113 0.9932063006627267
30.147868 23.65833043514917 -4.446663008094873 -142.13884877823685 -0.014951539140192325 -0.09623508167386241 -0.0629948263766679 0.9932506795277498
30.272928 23.859723250139194 -4.446201030465815 -143.1183592277202 -0.014110497073325862 -0.095885995145603 -0.06512054806836298 0.9931596467973092
30.384243 24.097356252399358 -4.491953998522318 -144.08863610683812 -0.014571572502354739 -0.09644751895948442 -0.06538406080314853 0.9930813007776641
30.503894 24.382797099094436 -4.527940996155087 -145.04635655615482 -0.01265324623069815 -0.099008393149677 -0.06584664393591123 0.9928249860514795
30.617308 24.478976201979634 -4.482805721682194 -146.0406967329386 -0.01062025414925427 -0.09931850521376884 -0.06317737387286146 0.992991270935669
30.733234 24.645581554278955 -4.510135957567797 -147.02634155476423 -0.01099147970272461 -0.10009809589783465 -0.0636848330658988 0.9928765283805131
30.846700 24.826483770801097 -4.524911904827517 -148.00973163984744 -0.012470464792790596 -0.10147702200113194 -0.06414321649206745 0.9926895533305888
30.957820 25.016668551368085 -4.553829457734028 -148.99105397444225 -0.013400651652981337 -0.10332550483191383 -0.06541609480728434 0.992403646268326
31.059425 25.205475774738467 -4.584353436325049 -149.97259364207375 -0.013241508120709641 -0.10492539250808341 -0.06499173312872389 0.9922657905494058
31.182055 25.426861958422037 -4.631240125845842 -150.94665205716998 -0.013010770872823409 -0.10707304024597475 -0.06436510395262 0.9920802474028731
31.288928 25.555749685970728 -4.663035476374735 -151.93780139474333 -0.012537052574813183 -0.1082906947506838 -0.06439148870545987 0.9919524605168556
31.422381 25.72763490345023 -4.659579780542396 -152.92291231752225 -0.012098226336833315 -0.10996215659804158 -0.06409238657412332 0.9917933872632154
31.535555 25.98916787402296 -4.692976308307073 -153.8875289135005 -0.011874545200416448 -0.11321705582335985 -0.06402192752033209 0.99143435801043
31.661887 26.264687205521735 -4.676981645590301 -154.84869137049463 -0.010087780959266351 -0.11589007128074137 -0.06141351333171679 0.9913102987632663
31.781284 26.40895394560399 -4.669259734599822 -155.838200076771 -0.008768728947879204 -0.1175446091855592 -0.06031866591475094 0.9911952546225775
31.898182 26.652514812771958 -4.616870867047788 -156.8066697513303 -0.0066599627237993375 -0.12007849101110972 -0.05865452290048082 0.9910077940340974
32.009630 26.903707640090698 -4.639661647044226 -157.7743384672919 -0.006918150968942069 -0.12281539157602442 -0.05784486588199058 0.9907181689412444
32.120721 27.14297703457927 -4.66550967108379 -158.74494757322194 -0.008165534789717386 -0.12527663374825598 -0.05733201914755405 0.9904302745063716
32.220966 27.416329139581656 -4.638701214368405 -159.70648796932565 -0.008702962397842769 -0.1275229981192975 -0.05532978409072061 0.9902528759809993
32.341130 27.708081814430543 -4.64420455424046 -160.66296593037274 -0.009194207620716524 -0.13002632449065765 -0.05402074436393859 0.9899951417375957
32.460984 28.02030671660706 -4.709282463200022 -161.6107425265315 -0.00973115365591498 -0.13310762703054577 -0.055103714179353586 0.9895207147697621
32.589195 28.27615706334478 -4.719353320844539 -162.5774064691199 -0.008609054334399015 -0.1350252291699352 -0.05362619809515491 0.9893524662873853
32.708611 28.608034118049275 -4.743227353474624 -163.52042696260168 -0.0074161203582296005 -0.1380491837662066 -0.05261204108927681 0.9889991896623249
32.818003 28.865895893903044 -4.7510807783352735 -164.48657686208492 -0.006576107412341265 -0.1399427120045891 -0.05085756137611604 0.9888307745104696
32.939195 29.64516879048418 -5.071357191287128 -165.02523888224295 -0.010193575042870887 -0.14957557685151712 -0.05125839076739613 0.9873681254797102
33.052375 30.030060920651252 -5.071273126636348 -165.94820044215138 -0.011678297799054336 -0.15277873153357077 -0.053278589487046925 0.9867541073913901
33.156358 30.328555483498448 -5.120142421484188 -166.90135981391023 -0.01308841857267677 -0.15488675259093512 -0.0529561704727245 0.9864250763134337
33.266880 30.648513126764456 -5.160226487756807 -167.84794334120548 -0.012482071831519784 -0.15700031882306678 -0.052163019783784695 0.9861410229471662
33.383381 30.918512912508678 -5.189402666189163 -168.81036157997184 -0.010897232914450434 -0.15818774658714452 -0.0532027341916531 0.9859144771322818
33.509729 31.217576137288866 -5.238154180805744 -169.7633487138864 -0.008459095202113284 -0.15968761433723813 -0.05284008088065455 0.9857161028349734
33.617182 31.603916958859664 -5.270087606493852 -170.68515185225803 -0.006377542762819975 -0.16242695117113384 -0.0515944356410795 0.9853501036141599
33.738271 31.970200215144175 -5.32420295942174 -171.61408032353185 -0.006447719106248832 -0.1644508055742677 -0.05205408966146522 0.9849897112223134
33.848824 32.2809058220191 -5.34829633937812 -172.56428111015475 -0.007954807800498667 -0.16579383970968986 -0.05211163803319283 0.9847504764805504
33.960956 32.66331926341115 -5.374215277924482 -173.48790883194926 -0.010933739846084818 -0.16816640605382915 -0.052211678764517995 0.9843142048190233
34.091800 33.0013492187397 -5.422080485837641 -174.42782620660088 -0.014710730058909162 -0.16977338075049875 -0.053210887668425445 0.9839355644772766
34.208778 33.337400150072426 -5.486833095722972 -175.36744148482035 -0.016807785162443453 -0.1712019472300436 -0.05444125126715422 0.9835870789020359
34.336793 33.66086403826278 -5.529973459948794 -176.31269807538783 -0.015178556292769717 -0.1727314545961976 -0.05481330891013532 0.9833254584257797
34.457675 34.048935094385975 -5.6028319872599806 -177.2314431381759 -0.013544660864186965 -0.17507708017180687 -0.05637307749453774 0.982846190558005
34.569552 34.43042532665514 -5.625265677744368 -178.1555437453689 -0.011793395938490601 -0.17703748975961492 -0.05411211891164701 0.9826446568412931
34.698443 34.810546889229094 -5.633160466386627 -179.08044658890364 -0.011844555289945737 -0.17926897477968015 -0.05069138054660207 0.9824218671882787
34.824377 35.17391498147783 -5.684287705202398 -180.0106882967337 -0.01457307226130095 -0.18147288966130826 -0.05169591983995464 0.9819280766709653
34.937351 35.52404306748051 -5.724511494169658 -180.94652608726858 -0.016148686363785924 -0.18308863477877602 -0.05409886297067316 0.9814739348392534
35.057339 35.873455161926344 -5.777611768253779 -181.88198936775967 -0.015056704953274554 -0.1848552121113595 -0.05115575908570654 0.9813179579033382
35.181581 36.237631980798234 -5.8129638329575855 -182.81264799266867 -0.013070233948834949 -0.1865394703758504 -0.05107473255287883 0.9810318887126301
35.301058 36.63665648697026 -5.820954700213985 -183.72955343463892 -0.011887580623284679 -0.18833216164596492 -0.05080296343704416 0.9807184821459703
35.417636 36.961638522378315 -5.848400816407234 -184.67487527791133 -0.01205617706929982 -0.18981052102783047 -0.050477848490102846 0.9804481636034746
35.540911 37.339496602127774 -5.88978583355398 -185.5998134120175 -0.012740169376397577 -0.19161615604546028 -0.049171140051879156 0.9801546489266983
35.664165 37.72237334141572 -5.949041241852057 -186.5217104773668 -0.012968305008805619 -0.19336228329664865 -0.04785682270138882 0.9798737546155787
35.789014 38.04331396107499 -5.984736286221011 -187.46813690475577 -0.012435178059077026 -0.19401736318589619 -0.04898369438843573 0.9796954765706993
35.917242 38.36090044404634 -6.021510036104404 -188.41565287673376 -0.012798332420840487 -0.19438032824012813 -0.05133787575445713 0.9794982966771938
36.044312 38.720445420369735 -6.046819366767853 -189.34843733617868 -0.01323459467161024 -0.19553269135795293 -0.053122495303753195 0.9791679184935006
37.888349 39.13098967009224 -6.089657608916656 -190.25927118712482 -0.014498753074876023 -0.19665536622427884 -0.0546600013226773 0.9788405065943439
38.059723 39.52573348452604 -6.134452640398503 -191.1769697902189 -0.014052754547238347 -0.1982324261444127 -0.05288701856954362 0.9786262762573658
38.216557 39.91530305380221 -6.137458082135317 -192.0979619280865 -0.013502122724251782 -0.19931858771457536 -0.05233710807563039 0.9784429571475715
38.361056 40.259156289672006 -6.184739751938143 -193.03579421366987 -0.015375970439546497 -0.1995634194502794 -0.05546155699913299 0.9781932512778772
38.525079 40.63373852699345 -6.234186462525104 -193.96166848715166 -0.016431068869060483 -0.20065897904688537 -0.05701148139623513 0.9778628150679862
38.656693 41.0692191432293 -6.303540655874815 -194.8591909819938 -0.015846624943855428 -0.20188477642958003 -0.05787731689088488 0.97756924957436
38.787207 41.41487369267284 -6.338495429474382 -195.79690154301548 -0.014645227480498008 -0.20170097561614073 -0.0589901797164847 0.9775594060948707
38.907286 41.82138602420874 -6.362159420689627 -196.7102403300102 -0.013693733719867292 -0.20230870021944822 -0.05966187678667583 0.9774068405380721
40.217387 42.19558384860478 -6.404046700725032 -197.63664275012175 -0.014391496060099563 -0.2020598772643343 -0.0613352737634694 0.977344706351568
40.367569 42.5792496490147 -6.465479516703791 -198.55806912412933 -0.014872788311748366 -0.20271751334065677 -0.06076051648845108 0.9772372125481456
40.482175 43.03296235307071 -6.579303109545123 -199.44191807722646 -0.016407397031498405 -0.20407269997458677 -0.05932610497225321 0.9770187018253809
40.608944 43.421245111284186 -6.6270462493646445 -200.36222079496358 -0.017080408021361678 -0.20400865647113897 -0.06138403014096396 0.9768934069745359
40.739181 43.88605450263107 -6.701105563685537 -201.24452881809273 -0.016988239800803568 -0.20505880438965915 -0.060758388310366035 0.9767142390180861
40.886588 44.33995922705606 -6.764046532942203 -202.1333532864405 -0.01628564432841311 -0.2060554740476698 -0.05902946448428971 0.9766224663228339
41.019874 44.709408181319205 -6.818024565029096 -203.06103525901833 -0.016553481250956938 -0.20575047901022445 -0.060917964382223105 0.9765662928142983
41.142342 45.115518096451794 -6.906745822175347 -203.97054241971657 -0.017147823125299905 -0.20688792155579735 -0.060624594463893136 0.9763339585523348
41.272139 45.52967622051309 -6.950725852395919 -204.8796842157065 -0.016646058737772907 -0.2070600323925041 -0.06054336514665816 0.9763111966226907
41.401547 45.96697934571847 -7.008366456647306 -205.77714927765996 -0.016200547224028288 -0.20847810667929348 -0.05916131482599281 0.9761016136310384
41.538010 46.405268898222005 -7.072174908747015 -206.67371536535617 -0.015531924129298559 -0.2098615155758828 -0.057842774478998715 0.9758950338297684
41.650904 46.813832036178084 -7.1020368371884475 -207.58595679586304 -0.016557210556264964 -0.21063691665426304 -0.06040057358181437 0.9755561074750988
42.599437 47.22757989634462 -7.146325751797233 -208.49527038327412 -0.017358406249980102 -0.21177904581861481 -0.05962360780140498 0.9753426817674699
42.742068 47.65084606150775 -7.224950889164217 -209.39785768719665 -0.018805437929829666 -0.21355046987678547 -0.062000455003012274 0.9747812554102018
42.866370 48.07935564616269 -7.2872684242779355 -210.2992433209163 -0.017630669721056393 -0.21561724633093712 -0.06034621488354637 0.9744519982631663
42.997456 48.481369481127764 -7.327625219777561 -211.21398711321754 -0.01717482795142804 -0.21749472828695468 -0.0622892087328168 0.973920491070837
43.126270 48.909386493092065 -7.391297439485893 -212.11551209118906 -0.016732078999717567 -0.22003984017824219 -0.060998651866994255 0.9734380672323679
43.259155 49.31228939319634 -7.433123737044121 -213.02979859656915 -0.016874641777246003 -0.2217229094821988 -0.061045204028163956 0.9730507083090768
43.380230 49.723158017684476 -7.473955070387031 -213.94057835898633 -0.017305767708291838 -0.2234338349400598 -0.06117602837809624 0.9726434728922438
43.509744 50.15908258175647 -7.532371110193658 -214.83866373395463 -0.017608280663397823 -0.22541390877003858 -0.06103525763433332 0.9721899071223689
43.620270 50.568535363279125 -7.607628051414364 -215.74788582591097 -0.016240865725281314 -0.22732937437479966 -0.05690965473352612 0.9720179427484681
43.741848 50.976452397159164 -7.663533139333478 -216.65919165526535 -0.015934426203967223 -0.22898500939960484 -0.05598465921906287 0.9716880556351079
43.851548 51.40216787504915 -7.706159277955856 -217.56304415661225 -0.016199155181680188 -0.23047923407135612 -0.05747983970365829 0.9712430066985915
43.968234 51.84614133529918 -7.773143915195411 -218.45657682247707 -0.015453081739813244 -0.23243833914954493 -0.05419056298344028 0.9709773445563389
44.074290 52.33453664356482 -7.821042882315773 -219.3278837212291 -0.014892475673795593 -0.2345798084212176 -0.05444288830051537 0.9704568509536452
44.192878 52.782284829268185 -7.861201097117241 -220.22114117570868 -0.013628313620307928 -0.23662759426485844 -0.055398048001342265 0.9699240727902009
44.310829 53.210589169984175 -7.917206558534408 -221.12303849803274 -0.014418758295602525 -0.23834035699046827 -0.058449285085937344 0.9693140124396272
44.429662 53.702379233945216 -7.98587289682777 -221.99104049513562 -0.01654686065276029 -0.24116641296520408 -0.05628284769232707 0.9687090397615142
44.558226 54.18516602677461 -8.088213284959945 -222.86077801739532 -0.021189550826527584 -0.24332808029506642 -0.057990628195317306 0.9679770324326905
44.677663 54.71654676822911 -8.181339301486021 -223.70277686101522 -0.022616044702186106 -0.2466745973599293 -0.058119636207765765 0.9670895850056602
44.818563 55.16571241674328 -8.263314305952413 -224.59245675785317 -0.02037049295455536 -0.24852232408313285 -0.05695062612400347 0.9667359120427814
44.947500 55.66725830534363 -8.258603575955002 -225.4575749755847 -0.017177272558932245 -0.25100067320541836 -0.05572259452258193 0.9662290597045468
45.091869 56.16963479961647 -8.319085613832685 -226.32010600754603 -0.01647711784911777 -0.2536702367272019 -0.053586908799801485 0.9656647237998451
45.292530 56.682129686306034 -8.354977391960926 -227.17804584889848 -0.018884447850975247 -0.2562678879357376 -0.05670951257283611 0.9647560201553909
45.432156 57.130227231270474 -8.436929767397135 -228.06826627011853 -0.020654735933074674 -0.2583523543422623 -0.05761185352297671 0.9641101167517069
47.722543 57.65008451429898 -8.500443727022539 -228.9201549848078 -0.0195922983287489 -0.26105560009791484 -0.058093997024042415 0.9633749026279868
47.938833 58.153328371832266 -8.54885441314929 -229.7829423429232 -0.016664742483488974 -0.26344464909413073 -0.06114513947512607 0.962590502311442
48.067392 58.861596598553284 -8.503411839208571 -230.48742164814877 -0.01104341108490135 -0.2693720726524076 -0.06573318790681297 0.9607267444774091
48.202307 59.38987208124999 -8.538480057283989 -231.33577018174952 -0.00953765705092141 -0.27196823638145984 -0.06933445611369508 0.9597578052263774
48.322180 59.94884450036675 -8.563292473397285 -232.16458510600788 -0.009213761873859784 -0.27556840234590074 -0.06375372253720869 0.9591207562571595
48.436715 60.505066730540236 -8.60761661354608 -232.99443581623285 -0.012952170460535248 -0.27855801538097286 -0.06206257035778746 0.9583245330825864
48.571434 61.04880174534733 -8.655884513432065 -233.8323036121967 -0.015394008336595044 -0.28162864175381275 -0.06080137371015836 0.9574714228665995
48.691612 61.58201553348448 -8.722991842497889 -234.67561829991777 -0.015566751689995198 -0.2840814827881242 -0.0600620918432308 0.9567904329068804
48.818529 62.12513214128347 -8.765790116010118 -235.51418413401626 -0.01411327921719054 -0.28686900213348926 -0.06022473101973868 0.9559706965897393
48.969143 62.680582384092524 -8.792035134064143 -236.34531963848633 -0.012312563150956355 -0.2893585022004318 -0.0611398051334267 0.9551868834009503
49.106773 63.21055018054225 -8.843598025358727 -237.19176833921637 -0.012072725270480039 -0.2906296234533874 -0.06378920788895649 0.9546306135007314
49.218770 63.78567073413658 -8.910561395301626 -238.00709174493906 -0.012427004092758927 -0.29261950831595945 -0.06557668733126405 0.9538967926357965
49.351612 64.3541216570329 -8.973700684975602 -238.82738253384125 -0.0126507251539903 -0.29365735346463323 -0.06647179196512713 0.9535128833855199
49.491338 64.93125132214966 -9.017281836923075 -239.64287136444358 -0.012011877091999246 -0.29495572151663657 -0.06804384981667869 0.9530093764782431
49.635940 65.43732679319623 -9.069638164091621 -240.5037699836842 -0.011893740736270841 -0.2943764491718328 -0.07063980024980498 0.9530010827511933
49.759187 65.96171583828523 -9.12574549428337 -241.35339819466205 -0.011913120714066267 -0.2943765144762608 -0.07069058157227673 0.9529970550618876
49.888340 66.53218048477223 -9.20381087556864 -242.1710019393656 -0.01390722460273595 -0.29531144649103847 -0.06991872878418323 0.9527376921484847
50.230740 67.0924837063196 -9.28394822057443 -242.99540372603218 -0.017805103850057447 -0.2957742014296758 -0.07090426165156785 0.9524563957080501
50.402776 67.66099448570097 -9.355696564121907 -243.81494485918253 -0.017881143785185058 -0.29595027718362904 -0.071556584796044 0.9523514862193426
50.614191 68.19431272617108 -9.431070612877981 -244.6574948026019 -0.014736163153039673 -0.2956187894647661 -0.07221975338470085 0.95245823217187
50.757160 68.74921632502404 -9.498180259926412 -245.48669821024868 -0.014135206029045807 -0.2956341494983186 -0.07211146679192554 0.9524707774824573
50.873034 69.2904141518709 -9.580193417261592 -246.32358455512482 -0.017406806494975568 -0.29536356789908214 -0.07169879295932202 0.9525317049493652
51.018491 69.83945224182189 -9.66682036070961 -247.15488050029228 -0.020921323489700088 -0.2948812264388598 -0.07164702354384131 0.952614331476626
51.147995 70.38010636852731 -9.727696810568979 -247.99391993508002 -0.02057946902742109 -0.2935723779781028 -0.0732190526453728 0.9529064564124555
51.283527 70.96176308044787 -9.785760384523776 -248.80527934425535 -0.01837799680695154 -0.2932994821943135 -0.0756214701869151 0.9528478662539358
